Aulario III&Aulario II:-3.878672,40.334605,0.000000 -3.878908,40.334916,0.000000 -3.878285,40.335259,0.000000 -3.877728,40.335545,0.000000 -3.877491,40.335243,0.000000
Aulario III&Departamental II:-3.878672,40.334605,0.000000 -3.878908,40.334916,0.000000 -3.878393,40.335161,0.000000 -3.877738,40.335513,0.000000 -3.877964,40.335823,0.000000
Aulario III&Departamental I:-3.878672,40.334605,0.000000 -3.878908,40.334916,0.000000 -3.877743,40.335539,0.000000 -3.876494,40.336118,0.000000 -3.876805,40.336502,0.000000
Aulario III&Aulario I:-3.878672,40.334605,0.000000 -3.878908,40.334916,0.000000 -3.877743,40.335539,0.000000 -3.876494,40.336118,0.000000 -3.876301,40.335856,0.000000
Aulario III&Cafeteria Principal:-3.878672,40.334605,0.000000 -3.878312,40.334267,0.000000 -3.877684,40.33413,0.000000 -3.877458,40.334379,0.000000 -3.87718,40.3344,0.000000
Aulario III&Biblioteca:-3.878672,40.334605,0.000000 -3.878908,40.334916,0.000000 -3.877743,40.335539,0.000000 -3.876494,40.336118,0.000000 -3.87581,40.336527,0.000000 -3.875893,40.337017,0.000000
Aulario III&Rectorado:-3.878672,40.334605,0.000000 -3.878908,40.334916,0.000000 -3.877743,40.335539,0.000000 -3.876494,40.336118,0.000000 -3.87581,40.336527,0.000000 -3.874619,40.337099,0.000000 -3.874294,40.337892,0.000000
Aulario III&Gestion:-3.878672,40.334605,0.000000 -3.878908,40.334916,0.000000 -3.877743,40.335539,0.000000 -3.876494,40.336118,0.000000 -3.87581,40.336527,0.000000 -3.874619,40.337099,0.000000 -3.874314,40.336277,0.000000 -3.874748,40.336085,0.000000 -3.874721,40.335897,0.000000 -3.875013,40.335766,0.000000
Aulario II&Aulario III:-3.877491,40.335243,0.000000 -3.877725,40.335523,0.000000 -3.878904,40.334885,0.000000 -3.878672,40.334605,0.000000
Aulario II&Departamental II:-3.877491,40.335243,0.000000 -3.876805,40.336502,0.000000
Aulario II&Departamental I:-3.877491,40.335243,0.000000 -3.877733,40.335535,0.000000 -3.876529,40.336164,0.000000 -3.876805,40.336502,0.000000
Aulario II&Aulario I:-3.877491,40.335243,0.000000 -3.877733,40.335535,0.000000 -3.876529,40.336164,0.000000 -3.876301,40.335856,0.000000
Aulario II&Cafeteria Principal:-3.877491,40.335243,0.000000 -3.877261,40.334947,0.000000 -3.877261,40.334804,0.000000 -3.877224,40.334779,0.000000 -3.877262,40.334742,0.000000 -3.877269,40.3346,0.000000 -3.87718,40.3344,0.000000
Aulario II&Biblioteca:-3.877491,40.335243,0.000000 -3.877733,40.335535,0.000000 -3.875811,40.336515,0.000000 -3.875893,40.337017,0.000000 
Aulario II&Rectorado:-3.877491,40.335243,0.000000 -3.877733,40.335535,0.000000 -3.875811,40.336515,0.000000 -3.874618,40.337075,0.000000 -3.874704,40.337357,0.000000 -3.874294,40.337892,0.000000
Aulario II&Gestion:-3.877491,40.335243,0.000000 -3.877191,40.334987,0.000000 -3.876574,40.334869,0.000000 -3.876099,40.335077,0.000000 -3.875375,40.335337,0.000000 -3.875267,40.335598,0.000000 -3.875052,40.335703,0.000000
Departamental II&Aulario III:-3.877964,40.335823,0.000000 -3.877758,40.335529,0.000000 -3.878932,40.334895,0.000000 -3.878672,40.334605,0.000000
Departamental II&Departamental I:-3.877964,40.335823,0.000000 -3.877758,40.335529,0.000000 -3.876513,40.33615,0.000000 -3.876805,40.336502,0.000000
Departamental II&Aulario I:-3.877964,40.335823,0.000000 -3.877758,40.335529,0.000000 -3.876513,40.33615,0.000000 -3.876301,40.335856,0.000000
Departamental II&Cafeteria:-3.877964,40.335823,0.000000 -3.877253,40.334977,0.000000 -3.87726,40.334811,0.000000 -3.877217,40.334776,0.000000 -3.87726,40.334737,0.000000 -3.877273,40.334487,0.000000 -3.87718,40.3344,0.000000 -3.87718,40.3344,0.000000
Departamental II&Biblioteca:-3.877964,40.335823,0.000000 -3.877758,40.335529,0.000000 -3.875817,40.336525,0.000000 -3.876045,40.337062,0.000000 -3.875893,40.337017,0.000000
Departamental II&Ampliacion del Rectorado:-3.877964,40.335823,0.000000 -3.877758,40.335529,0.000000 -3.87464,40.337071,0.000000 -3.874766,40.337434,0.000000 -3.873533606529236,40.33744206825185,0.000000
Departamental II&Gestion:-3.877964,40.335823,0.000000 -3.877758,40.335529,0.000000
Departamental II&Aulario II:-3.877964,40.335823,0.000000 -3.877491,40.335243,0.000000 